NAME	REGIONS	BP	/home/chris/Bureau/sb_cofactor_hr/A549/input/ENCODE/A549/GRCh38/chip-seq/narrow/EP300_0h_consensus_peaks.bed	/home/chris/Bureau/sb_cofactor_hr/A549/input/ENCODE/A549/GRCh38/chip-seq/narrow/EP300_10h_consensus_peaks.bed	/home/chris/Bureau/sb_cofactor_hr/A549/input/ENCODE/A549/GRCh38/chip-seq/narrow/EP300_12h_consensus_peaks.bed	/home/chris/Bureau/sb_cofactor_hr/A549/input/ENCODE/A549/GRCh38/chip-seq/narrow/EP300_1h_consensus_peaks.bed	/home/chris/Bureau/sb_cofactor_hr/A549/input/ENCODE/A549/GRCh38/chip-seq/narrow/EP300_2h_consensus_peaks.bed	/home/chris/Bureau/sb_cofactor_hr/A549/input/ENCODE/A549/GRCh38/chip-seq/narrow/EP300_30m_consensus_peaks.bed	/home/chris/Bureau/sb_cofactor_hr/A549/input/ENCODE/A549/GRCh38/chip-seq/narrow/EP300_3h_consensus_peaks.bed	/home/chris/Bureau/sb_cofactor_hr/A549/input/ENCODE/A549/GRCh38/chip-seq/narrow/EP300_4h_consensus_peaks.bed	/home/chris/Bureau/sb_cofactor_hr/A549/input/ENCODE/A549/GRCh38/chip-seq/narrow/EP300_5h_consensus_peaks.bed	/home/chris/Bureau/sb_cofactor_hr/A549/input/ENCODE/A549/GRCh38/chip-seq/narrow/EP300_6h_consensus_peaks.bed	/home/chris/Bureau/sb_cofactor_hr/A549/input/ENCODE/A549/GRCh38/chip-seq/narrow/EP300_7h_consensus_peaks.bed	/home/chris/Bureau/sb_cofactor_hr/A549/input/ENCODE/A549/GRCh38/chip-seq/narrow/EP300_8h_consensus_peaks.bed	/home/chris/Bureau/sb_cofactor_hr/A549/input/ENCODE/A549/GRCh38/chip-seq/narrow/JUN_0h_consensus_peaks.bed	/home/chris/Bureau/sb_cofactor_hr/A549/input/ENCODE/A549/GRCh38/chip-seq/narrow/JUN_10h_consensus_peaks.bed	/home/chris/Bureau/sb_cofactor_hr/A549/input/ENCODE/A549/GRCh38/chip-seq/narrow/JUN_12h_consensus_peaks.bed	/home/chris/Bureau/sb_cofactor_hr/A549/input/ENCODE/A549/GRCh38/chip-seq/narrow/JUN_1h_consensus_peaks.bed	/home/chris/Bureau/sb_cofactor_hr/A549/input/ENCODE/A549/GRCh38/chip-seq/narrow/JUN_2h_consensus_peaks.bed	/home/chris/Bureau/sb_cofactor_hr/A549/input/ENCODE/A549/GRCh38/chip-seq/narrow/JUN_30m_consensus_peaks.bed	/home/chris/Bureau/sb_cofactor_hr/A549/input/ENCODE/A549/GRCh38/chip-seq/narrow/JUN_3h_consensus_peaks.bed	/home/chris/Bureau/sb_cofactor_hr/A549/input/ENCODE/A549/GRCh38/chip-seq/narrow/JUN_4h_consensus_peaks.bed	/home/chris/Bureau/sb_cofactor_hr/A549/input/ENCODE/A549/GRCh38/chip-seq/narrow/JUN_5h_consensus_peaks.bed	/home/chris/Bureau/sb_cofactor_hr/A549/input/ENCODE/A549/GRCh38/chip-seq/narrow/JUN_6h_consensus_peaks.bed	/home/chris/Bureau/sb_cofactor_hr/A549/input/ENCODE/A549/GRCh38/chip-seq/narrow/JUN_7h_consensus_peaks.bed	/home/chris/Bureau/sb_cofactor_hr/A549/input/ENCODE/A549/GRCh38/chip-seq/narrow/JUN_8h_consensus_peaks.bed	/home/chris/Bureau/sb_cofactor_hr/A549/input/ENCODE/A549/GRCh38/chip-seq/narrow/NR3C1_10h_consensus_peaks.bed	/home/chris/Bureau/sb_cofactor_hr/A549/input/ENCODE/A549/GRCh38/chip-seq/narrow/NR3C1_12h_consensus_peaks.bed	/home/chris/Bureau/sb_cofactor_hr/A549/input/ENCODE/A549/GRCh38/chip-seq/narrow/NR3C1_1h_consensus_peaks.bed	/home/chris/Bureau/sb_cofactor_hr/A549/input/ENCODE/A549/GRCh38/chip-seq/narrow/NR3C1_2h_consensus_peaks.bed	/home/chris/Bureau/sb_cofactor_hr/A549/input/ENCODE/A549/GRCh38/chip-seq/narrow/NR3C1_30m_consensus_peaks.bed	/home/chris/Bureau/sb_cofactor_hr/A549/input/ENCODE/A549/GRCh38/chip-seq/narrow/NR3C1_3h_consensus_peaks.bed	/home/chris/Bureau/sb_cofactor_hr/A549/input/ENCODE/A549/GRCh38/chip-seq/narrow/NR3C1_4h_consensus_peaks.bed	/home/chris/Bureau/sb_cofactor_hr/A549/input/ENCODE/A549/GRCh38/chip-seq/narrow/NR3C1_5h_consensus_peaks.bed	/home/chris/Bureau/sb_cofactor_hr/A549/input/ENCODE/A549/GRCh38/chip-seq/narrow/NR3C1_6h_consensus_peaks.bed	/home/chris/Bureau/sb_cofactor_hr/A549/input/ENCODE/A549/GRCh38/chip-seq/narrow/NR3C1_7h_consensus_peaks.bed	/home/chris/Bureau/sb_cofactor_hr/A549/input/ENCODE/A549/GRCh38/chip-seq/narrow/NR3C1_8h_consensus_peaks.bed	/home/chris/Bureau/sb_cofactor_hr/A549/input/ENCODE/A549/GRCh38/chip-seq/narrow/CTCF_0h_consensus_peaks.sorted.bed	/home/chris/Bureau/sb_cofactor_hr/A549/input/ENCODE/A549/GRCh38/chip-seq/narrow/CTCF_8h_consensus_peaks.sorted.bed	/home/chris/Bureau/sb_cofactor_hr/A549/input/ENCODE/A549/GRCh38/chip-seq/narrow/CTCF_1h_consensus_peaks.sorted.bed	/home/chris/Bureau/sb_cofactor_hr/A549/input/ENCODE/A549/GRCh38/chip-seq/narrow/CTCF_6h_consensus_peaks.sorted.bed	/home/chris/Bureau/sb_cofactor_hr/A549/input/ENCODE/A549/GRCh38/chip-seq/narrow/CTCF_30m_consensus_peaks.sorted.bed	/home/chris/Bureau/sb_cofactor_hr/A549/input/ENCODE/A549/GRCh38/chip-seq/narrow/CTCF_7h_consensus_peaks.sorted.bed	/home/chris/Bureau/sb_cofactor_hr/A549/input/ENCODE/A549/GRCh38/chip-seq/narrow/CTCF_5h_consensus_peaks.sorted.bed	/home/chris/Bureau/sb_cofactor_hr/A549/input/ENCODE/A549/GRCh38/chip-seq/narrow/CTCF_3h_consensus_peaks.sorted.bed	/home/chris/Bureau/sb_cofactor_hr/A549/input/ENCODE/A549/GRCh38/chip-seq/narrow/CTCF_4h_consensus_peaks.sorted.bed	/home/chris/Bureau/sb_cofactor_hr/A549/input/ENCODE/A549/GRCh38/chip-seq/narrow/CTCF_10h_consensus_peaks.sorted.bed	/home/chris/Bureau/sb_cofactor_hr/A549/input/ENCODE/A549/GRCh38/chip-seq/narrow/CTCF_2h_consensus_peaks.sorted.bed	/home/chris/Bureau/sb_cofactor_hr/A549/input/ENCODE/A549/GRCh38/chip-seq/narrow/CTCF_12h_consensus_peaks.sorted.bed	/home/chris/Bureau/sb_cofactor_hr/A549/input/ENCODE/A549/GRCh38/chip-seq/narrow/SMC3_0h_consensus_peaks.sorted.bed	/home/chris/Bureau/sb_cofactor_hr/A549/input/ENCODE/A549/GRCh38/chip-seq/narrow/SMC3_10h_consensus_peaks.sorted.bed	/home/chris/Bureau/sb_cofactor_hr/A549/input/ENCODE/A549/GRCh38/chip-seq/narrow/SMC3_12h_consensus_peaks.sorted.bed	/home/chris/Bureau/sb_cofactor_hr/A549/input/ENCODE/A549/GRCh38/chip-seq/narrow/SMC3_1h_consensus_peaks.sorted.bed	/home/chris/Bureau/sb_cofactor_hr/A549/input/ENCODE/A549/GRCh38/chip-seq/narrow/SMC3_2h_consensus_peaks.sorted.bed	/home/chris/Bureau/sb_cofactor_hr/A549/input/ENCODE/A549/GRCh38/chip-seq/narrow/SMC3_30m_consensus_peaks.sorted.bed	/home/chris/Bureau/sb_cofactor_hr/A549/input/ENCODE/A549/GRCh38/chip-seq/narrow/SMC3_3h_consensus_peaks.sorted.bed	/home/chris/Bureau/sb_cofactor_hr/A549/input/ENCODE/A549/GRCh38/chip-seq/narrow/SMC3_4h_consensus_peaks.sorted.bed	/home/chris/Bureau/sb_cofactor_hr/A549/input/ENCODE/A549/GRCh38/chip-seq/narrow/SMC3_5h_consensus_peaks.sorted.bed	/home/chris/Bureau/sb_cofactor_hr/A549/input/ENCODE/A549/GRCh38/chip-seq/narrow/SMC3_6h_consensus_peaks.sorted.bed	/home/chris/Bureau/sb_cofactor_hr/A549/input/ENCODE/A549/GRCh38/chip-seq/narrow/SMC3_7h_consensus_peaks.sorted.bed	/home/chris/Bureau/sb_cofactor_hr/A549/input/ENCODE/A549/GRCh38/chip-seq/narrow/SMC3_8h_consensus_peaks.sorted.bed	/home/chris/Bureau/sb_cofactor_hr/A549/input/ENCODE/A549/GRCh38/chip-seq/narrow/RAD21_0h_consensus_peaks.sorted.bed	/home/chris/Bureau/sb_cofactor_hr/A549/input/ENCODE/A549/GRCh38/chip-seq/narrow/RAD21_10h_consensus_peaks.sorted.bed	/home/chris/Bureau/sb_cofactor_hr/A549/input/ENCODE/A549/GRCh38/chip-seq/narrow/RAD21_12h_consensus_peaks.sorted.bed	/home/chris/Bureau/sb_cofactor_hr/A549/input/ENCODE/A549/GRCh38/chip-seq/narrow/RAD21_1h_consensus_peaks.sorted.bed	/home/chris/Bureau/sb_cofactor_hr/A549/input/ENCODE/A549/GRCh38/chip-seq/narrow/RAD21_2h_consensus_peaks.sorted.bed	/home/chris/Bureau/sb_cofactor_hr/A549/input/ENCODE/A549/GRCh38/chip-seq/narrow/RAD21_30m_consensus_peaks.sorted.bed	/home/chris/Bureau/sb_cofactor_hr/A549/input/ENCODE/A549/GRCh38/chip-seq/narrow/RAD21_3h_consensus_peaks.sorted.bed	/home/chris/Bureau/sb_cofactor_hr/A549/input/ENCODE/A549/GRCh38/chip-seq/narrow/RAD21_4h_consensus_peaks.sorted.bed	/home/chris/Bureau/sb_cofactor_hr/A549/input/ENCODE/A549/GRCh38/chip-seq/narrow/RAD21_5h_consensus_peaks.sorted.bed	/home/chris/Bureau/sb_cofactor_hr/A549/input/ENCODE/A549/GRCh38/chip-seq/narrow/RAD21_6h_consensus_peaks.sorted.bed	/home/chris/Bureau/sb_cofactor_hr/A549/input/ENCODE/A549/GRCh38/chip-seq/narrow/RAD21_7h_consensus_peaks.sorted.bed	/home/chris/Bureau/sb_cofactor_hr/A549/input/ENCODE/A549/GRCh38/chip-seq/narrow/RAD21_8h_consensus_peaks.sorted.bed
/home/chris/Bureau/sb_cofactor_hr/A549/input/ENCODE/A549/GRCh38/chip-seq/narrow/EP300_0h_consensus_peaks.bed	2117	1155572	1.0	0.719384397821	0.658245685953	0.568685650811	0.488413930062	0.510744417612	0.568916121447	0.487008439601	0.812753075122	0.821969355004	0.802202779311	0.755710539509	0.722261590188	0.852557404938	0.92933717271	0.807942212231	0.771038588916	0.749641888651	0.783089195954	0.906301389591	0.753789664023	0.857597255493	0.892158633574	0.889770516627	0.369276464516	0.467771952059	0.660567290775	0.611081839534	0.822297134002	0.536930741477	0.349403516533	0.333471064753	0.366365287873	0.479280134028	0.422158498651	0.030250708709	0.0311896899268	0.0546631498444	0.0226777613316	0.0346876011157	0.0268591672594	0.0333674487257	0.978284613093	0.00569355258835	0.034731778893	0.02616763714	0.0405694074053	0.844899309185	0.786152395801	0.850230339002	0.696146487502	0.665615099721	0.702746193594	0.658674321436	0.754065399929	0.561942807465	0.556653081041	0.602725113388	0.679654131945	0.88886376874	0.81056477972	0.895624975587	0.238022546934	0.771852285238	0.746136255376	0.600815473584	0.807932746575	0.510318475111	0.717090065517	0.653808374729	0.728847315683
/home/chris/Bureau/sb_cofactor_hr/A549/input/ENCODE/A549/GRCh38/chip-seq/narrow/EP300_10h_consensus_peaks.bed	4602	2296559	0.719384397821	1.0	0.872534995375	0.926489249923	0.896355015708	0.847796399945	0.789155164495	0.914251541875	0.893924732235	0.891457391767	0.872850243967	0.834856191393	0.42526774396	0.915548326819	0.975688147855	0.801328108922	0.802408318516	0.697847618244	0.835211281253	0.94913143096	0.812153043305	0.906751232908	0.946157128754	0.943675469755	0.935039230864	0.838128682611	0.75590159629	0.742000550632	0.86401935553	0.671637622604	0.766939371449	0.841284740457	0.833858047652	0.787359000475	0.849807405264	0.0306347279732	0.0301779414013	0.0521190932129	0.0221092118476	0.0310617334321	0.0304482240269	0.0334936249207	0.937739740763	0.0114858660178	0.0407097113852	0.028840992602	0.0411193868457	0.596941196941	0.820304131534	0.890378648391	0.653371376071	0.658265322504	0.603497759319	0.663789033877	0.774597994368	0.557953716045	0.566830780031	0.590441773205	0.702782902442	0.61849093773	0.837020827223	0.934706150361	0.242906695468	0.762897898337	0.64066324939	0.596701924552	0.834111831895	0.505354103258	0.750125285626	0.646791796478	0.757093514906
/home/chris/Bureau/sb_cofactor_hr/A549/input/ENCODE/A549/GRCh38/chip-seq/narrow/EP300_12h_consensus_peaks.bed	4218	1828176	0.658245685953	0.872534995375	1.0	0.907770353161	0.865409204605	0.796194396331	0.730839417501	0.89623148731	0.952670913154	0.948553432912	0.926110029903	0.905392060312	0.459111446628	0.950670932749	0.988674414774	0.842810808749	0.847665953846	0.730709455158	0.884562097841	0.976641944294	0.876265272667	0.950325844705	0.969371719539	0.973166231384	0.908281149368	0.781231501046	0.8183503885	0.798025077417	0.912982543053	0.743638913934	0.712204365687	0.808403694158	0.792083045621	0.726403193658	0.796919659337	0.0299367612762	0.0302736644742	0.0519068719071	0.0226176024763	0.0296542635337	0.028798120552	0.0330535283465	0.957301856124	0.0105556138219	0.0396963605949	0.029400147948	0.0406938132018	0.631480279251	0.856043896498	0.928919328811	0.694821256528	0.70793536233	0.641119752218	0.716816453406	0.824328603155	0.625910865789	0.639288743869	0.630053915975	0.761085577071	0.654659857177	0.863337534161	0.956824573558	0.246947729661	0.799981914948	0.678681088553	0.646032445342	0.874625552722	0.559909372022	0.811060385757	0.678191017593	0.80492265488
/home/chris/Bureau/sb_cofactor_hr/A549/input/ENCODE/A549/GRCh38/chip-seq/narrow/EP300_1h_consensus_peaks.bed	1030	499243	0.568685650811	0.926489249923	0.907770353161	1.0	0.85303324745	0.903903722277	0.950007372724	0.867971878423	0.991438582015	0.985126287316	0.969329469602	0.958888129495	0.578215138622	0.966290676393	0.985611392087	0.986980398417	0.97955913223	0.954422161238	0.988378601509	0.997630279083	0.969990263914	0.985543082314	0.982189081683	0.984551989846	0.586237742793	0.886883332954	0.98672913278	0.982115185332	0.996629215884	0.966987207447	0.866289128827	0.753428012362	0.85535759504	0.916630946537	0.876163229339	0.0369969011987	0.0327916241618	0.0615971807645	0.0281387919119	0.0363067245835	0.033706060871	0.0423779463554	0.996909247337	0.0111604386084	0.0499853619898	0.0337444835345	0.0519824749804	0.692865987281	0.895552381116	0.937944774091	0.858991987804	0.870196632489	0.828659479736	0.880753689969	0.925989796715	0.774429418065	0.784310359868	0.765821934143	0.85212190268	0.712188474237	0.90295413274	0.959298674572	0.244681902903	0.937438336655	0.855799113851	0.832939944952	0.95999023568	0.726813239825	0.892317030955	0.800517858075	0.88629561548
/home/chris/Bureau/sb_cofactor_hr/A549/input/ENCODE/A549/GRCh38/chip-seq/narrow/EP300_2h_consensus_peaks.bed	1941	876350	0.488413930062	0.896355015708	0.865409204605	0.85303324745	1.0	0.793070127074	0.916291319898	0.80703094914	0.988911751493	0.984131909253	0.958330609718	0.943012953332	0.494866506341	0.946479784008	0.972554600611	0.977050469197	0.971436139083	0.904956632456	0.984168386252	0.996014015601	0.959591950277	0.973709214858	0.970760367546	0.969032792015	0.779154324228	0.854076747109	0.979980792751	0.977181649463	0.993857282867	0.955153460696	0.809349807985	0.677980717626	0.812296736855	0.89358679536	0.842287226065	0.0303548616395	0.0316610974778	0.0579588756702	0.0228899974277	0.0304191461768	0.0340445178985	0.0392231043499	0.981934893924	0.00988133625731	0.0462293546676	0.0312314058192	0.0448087678442	0.63212369903	0.864550419232	0.914564333709	0.818451098414	0.835292983783	0.761183227663	0.836192277275	0.904607098711	0.733774364875	0.735383846134	0.706064788055	0.811079511149	0.642058298377	0.874201861482	0.941663648864	0.262997087171	0.911220730391	0.790111951865	0.781573874667	0.942094269466	0.684750029615	0.873161574578	0.756235097071	0.843490393685
/home/chris/Bureau/sb_cofactor_hr/A549/input/ENCODE/A549/GRCh38/chip-seq/narrow/EP300_30m_consensus_peaks.bed	2364	1103027	0.510744417612	0.847796399945	0.796194396331	0.903903722277	0.793070127074	1.0	0.824739153552	0.723815602094	0.955119927545	0.944369602026	0.919070135027	0.894197399471	0.511496827605	0.916188038152	0.962263652691	0.96881494963	0.948108090269	0.922273998542	0.949308197113	0.985577260212	0.908077894774	0.948027878246	0.953325419338	0.950359495383	0.755214078386	0.747074928185	0.957869026542	0.942347257402	0.990524057427	0.875412136765	0.684253134746	0.670562235039	0.673998344416	0.791733272494	0.722043260257	0.0313316714313	0.0305219965172	0.0575992175824	0.0221384515617	0.0313213272401	0.0299223065343	0.0368947645369	0.993912224418	0.00803027295408	0.0422097261375	0.02899849691	0.0444203093259	0.657787147222	0.834903869532	0.887622324219	0.795566370297	0.798100287506	0.761176431342	0.781154251254	0.859168077134	0.665194150454	0.662272560449	0.669924341344	0.761127195056	0.673963231959	0.84529182735	0.926173746192	0.253134307474	0.891325659263	0.797546243264	0.727140257536	0.90759127748	0.614456484273	0.820980996314	0.715351840276	0.809009806217
/home/chris/Bureau/sb_cofactor_hr/A549/input/ENCODE/A549/GRCh38/chip-seq/narrow/EP300_3h_consensus_peaks.bed	3057	1680556	0.568916121447	0.789155164495	0.730839417501	0.950007372724	0.916291319898	0.824739153552	1.0	0.900350760285	0.937427305206	0.934251739294	0.895754325458	0.853958228605	0.428817908775	0.901251707481	0.956717305709	0.89707460471	0.888756231461	0.796688824732	0.92692053593	0.978507094094	0.882612474506	0.927446227762	0.937443264174	0.93705822565	0.911191967583	0.738692284064	0.8854057983	0.8799885595	0.945147735449	0.829807625473	0.775163938823	0.84167003017	0.80994920481	0.737716593644	0.773289742714	0.0303006659588	0.0304373344211	0.0518274777618	0.0226166145245	0.0311096949187	0.0302494314861	0.0358774036272	0.947060644827	0.0108890792159	0.0404545449011	0.0294224455522	0.0408884441251	0.564717609381	0.789686258264	0.857053279097	0.701935003459	0.70753924317	0.642327862239	0.715238609547	0.815413268671	0.608809390403	0.605300618962	0.605908040232	0.699902635622	0.585555180782	0.816303877378	0.900002985042	0.230380176455	0.815948475023	0.67941977478	0.65396369423	0.875672089497	0.548078038535	0.765671985835	0.656355616988	0.749198047232
/home/chris/Bureau/sb_cofactor_hr/A549/input/ENCODE/A549/GRCh38/chip-seq/narrow/EP300_4h_consensus_peaks.bed	2440	1038290	0.487008439601	0.914251541875	0.89623148731	0.867971878423	0.80703094914	0.723815602094	0.900350760285	1.0	0.994465080315	0.992776785272	0.97076718829	0.958709528234	0.484539333207	0.963602166263	0.984512992238	0.950968112112	0.954839682883	0.864121291937	0.980846727254	0.997537804027	0.967206658067	0.980677919456	0.979777616793	0.980971825485	0.822856192402	0.854640365746	0.961638900555	0.951350256684	0.985283213559	0.93572107103	0.765315118215	0.739976814669	0.788795808687	0.888545048179	0.830274197949	0.0290483549025	0.0309258555831	0.0551087193606	0.0220294429309	0.0292624480748	0.0291066489254	0.0359648096274	0.977868876422	0.00910024653327	0.0397017980111	0.0293567640241	0.0422297379377	0.626187271303	0.870068361706	0.924508437085	0.771724111242	0.800385134156	0.719056005423	0.817686892449	0.892711712064	0.725928116919	0.727800255085	0.687881672503	0.807068856617	0.639658580883	0.878840611857	0.950227553893	0.245895421644	0.883174376645	0.752770754062	0.756130593063	0.936160203212	0.657913833412	0.866368369228	0.732155271067	0.839936397972
/home/chris/Bureau/sb_cofactor_hr/A549/input/ENCODE/A549/GRCh38/chip-seq/narrow/EP300_5h_consensus_peaks.bed	7087	3461279	0.812753075122	0.893924732235	0.952670913154	0.991438582015	0.988911751493	0.955119927545	0.937427305206	0.994465080315	1.0	0.833254986774	0.839685272363	0.901050384232	0.360588595317	0.814143183588	0.908400720183	0.742701537702	0.744107565858	0.613111900205	0.780082148364	0.934953801904	0.723918783553	0.851020764644	0.871249082256	0.875189746219	0.97284031472	0.930213325604	0.714832438247	0.702273760111	0.830315469714	0.836677782041	0.919322811439	0.959828750704	0.959010498257	0.917255695304	0.9468757593	0.0315106335687	0.0327433708412	0.0529011666719	0.0245051780274	0.0324912002515	0.0308506338584	0.0345112217869	0.916826663507	0.0141678682333	0.0402653056549	0.0309473396973	0.0422056518523	0.523807168825	0.702630596555	0.790504364898	0.575905978879	0.578438195671	0.517653259238	0.575069202861	0.687259254201	0.46206767802	0.475740462196	0.480897545472	0.588951601384	0.544877498391	0.72377802717	0.848592599949	0.215237582061	0.692680948455	0.562110566944	0.50154579	0.756618212419	0.411512435059	0.657205784311	0.533561959359	0.635030323384
/home/chris/Bureau/sb_cofactor_hr/A549/input/ENCODE/A549/GRCh38/chip-seq/narrow/EP300_6h_consensus_peaks.bed	6992	3549612	0.821969355004	0.891457391767	0.948553432912	0.985126287316	0.984131909253	0.944369602026	0.934251739294	0.992776785272	0.833254986774	1.0	0.843089227381	0.902895972422	0.35975130941	0.809798510069	0.912092589349	0.726425750613	0.729153806467	0.603935948007	0.761072509207	0.923238958691	0.711141945872	0.842986748947	0.870159222743	0.8759456756	0.974321837229	0.931177704675	0.680922290323	0.683504016694	0.798697347808	0.822499380445	0.90753734526	0.951038200537	0.95044215424	0.909783452134	0.939466515775	0.0329034954033	0.0338449973823	0.0535331086177	0.0251011621214	0.0334516397872	0.0309153106917	0.0356640536479	0.907983013	0.0149858528644	0.0410187626594	0.0309945487121	0.0426970872406	0.524166218955	0.705451015992	0.793922698858	0.565785400052	0.570648722908	0.511988279992	0.567375150253	0.68287474664	0.457749384952	0.471781355491	0.482040150821	0.583897907111	0.545038432325	0.727583135003	0.850631304908	0.218128404418	0.683604086037	0.553543949403	0.494763495892	0.75187841464	0.408361443722	0.652813877063	0.53351249273	0.631071839947
/home/chris/Bureau/sb_cofactor_hr/A549/input/ENCODE/A549/GRCh38/chip-seq/narrow/EP300_7h_consensus_peaks.bed	5446	3006622	0.802202779311	0.872850243967	0.926110029903	0.969329469602	0.958330609718	0.919070135027	0.895754325458	0.97076718829	0.839685272363	0.843089227381	1.0	0.868401505328	0.395165475125	0.865469379238	0.953916210567	0.761348348778	0.763486826592	0.653572265557	0.79479630561	0.93421723427	0.754034618152	0.872438558999	0.917923161997	0.915152069688	0.968004450486	0.891426510764	0.698184183397	0.682931068252	0.814343112168	0.741851047518	0.847964429444	0.907729311599	0.903971491837	0.866167255154	0.911357426262	0.0328980229347	0.0338212948773	0.0545165089966	0.0256878681086	0.0342174184811	0.0329917489258	0.0363360884222	0.921299795919	0.0153199630313	0.041441044549	0.0317446903617	0.0433847906113	0.558585162116	0.76013346723	0.842044370903	0.605862243376	0.610258449683	0.559137344692	0.610142658856	0.725129916684	0.500519935767	0.511210282056	0.536241801396	0.636059292021	0.582930594643	0.787898195556	0.897867754292	0.228583270402	0.724735854793	0.600404779964	0.539815662004	0.791407038593	0.447536270717	0.69117035431	0.592025018577	0.691647973316
/home/chris/Bureau/sb_cofactor_hr/A549/input/ENCODE/A549/GRCh38/chip-seq/narrow/EP300_8h_consensus_peaks.bed	4950	2513807	0.755710539509	0.834856191393	0.905392060312	0.958888129495	0.943012953332	0.894197399471	0.853958228605	0.958709528234	0.901050384232	0.902895972422	0.868401505328	1.0	0.420279606709	0.909787096674	0.970202360673	0.802141394478	0.803937952356	0.69420859845	0.841339598606	0.95740068797	0.812094906669	0.911331785171	0.945653317489	0.949555206711	0.950584141837	0.859896232063	0.751915288247	0.736089825593	0.860890710314	0.697808317312	0.80637837868	0.878273381039	0.875399709765	0.825155294446	0.878751171456	0.0323765597484	0.0335362439467	0.0544533245749	0.0251131673316	0.0330376929375	0.0314748401546	0.0364292648651	0.941585670752	0.0133663870026	0.0424946196292	0.0321890573377	0.0445417977156	0.589541353606	0.80428957105	0.882809638145	0.647801627947	0.655924625482	0.595925929347	0.659809189154	0.772225678807	0.550035460156	0.562165998083	0.577054031595	0.689911392076	0.611688239328	0.824774820853	0.925070309445	0.237543773876	0.762066451576	0.636050288733	0.586954284202	0.829998663672	0.494792622072	0.744403316622	0.629518501844	0.742203425745
/home/chris/Bureau/sb_cofactor_hr/A549/input/ENCODE/A549/GRCh38/chip-seq/narrow/JUN_0h_consensus_peaks.bed	6513	5818942	0.722261590188	0.42526774396	0.459111446628	0.578215138622	0.494866506341	0.511496827605	0.428817908775	0.484539333207	0.360588595317	0.35975130941	0.395165475125	0.420279606709	1.0	0.874019900709	0.971484868	0.744777261969	0.834968242958	0.630379245765	0.743793420609	0.909075750105	0.69039762775	0.830693227781	0.93386592154	0.928507754307	0.401819824419	0.379496663241	0.265934440745	0.271173384232	0.254330639848	0.307364589343	0.334530353665	0.349796799926	0.366224473348	0.352872598126	0.373986395664	0.117643757496	0.116775179834	0.162000716987	0.0861061242749	0.105453328802	0.10611509987	0.108868867668	0.961727487363	0.0796871735401	0.124522143193	0.10980631612	0.126652144092	0.49058239147	0.545242528136	0.574364594677	0.436797627834	0.376285802171	0.410413211876	0.410727720364	0.450315068081	0.297470926487	0.269892703701	0.381856246727	0.386092958453	0.46148732193	0.53274789467	0.65388524533	0.319241089662	0.453022109376	0.407896586468	0.345212906453	0.465467953177	0.276248813772	0.394187213425	0.406632608058	0.387711856734
/home/chris/Bureau/sb_cofactor_hr/A549/input/ENCODE/A549/GRCh38/chip-seq/narrow/JUN_10h_consensus_peaks.bed	15064	12923305	0.852557404938	0.915548326819	0.950670932749	0.966290676393	0.946479784008	0.916188038152	0.901251707481	0.963602166263	0.814143183588	0.809798510069	0.865469379238	0.909787096674	0.874019900709	1.0	0.964194214745	0.825274008538	0.769773256024	0.865660164072	0.862779771645	0.869052940528	0.91935228089	0.806111470889	0.906819421562	0.898029871215	0.984009153804	0.915276063611	0.636146682146	0.661746704509	0.578060033227	0.769818651592	0.848694578631	0.911817585053	0.91197373745	0.880040155353	0.918863919434	0.110751524739	0.111710939926	0.151229571381	0.0842468186616	0.100750780669	0.10167562551	0.103965979663	0.914297052794	0.0823370096504	0.120773780446	0.105772846937	0.119863860402	0.395943484252	0.527474557126	0.563085556597	0.39168276177	0.348446581662	0.353734027156	0.376785037653	0.432868388968	0.269259058821	0.251993237725	0.343103094912	0.362415644466	0.37606118554	0.525596762288	0.649629457468	0.28399202034	0.429045982393	0.359592462265	0.315609785479	0.454965021576	0.249055473108	0.381315492888	0.375965131181	0.373244341466
/home/chris/Bureau/sb_cofactor_hr/A549/input/ENCODE/A549/GRCh38/chip-seq/narrow/JUN_12h_consensus_peaks.bed	23000	24951880	0.92933717271	0.975688147855	0.988674414774	0.985611392087	0.972554600611	0.962263652691	0.956717305709	0.984512992238	0.908400720183	0.912092589349	0.953916210567	0.970202360673	0.971484868	0.964194214745	1.0	0.938015804796	0.945964669485	0.957409799933	0.961640338956	0.918179081041	0.983570129376	0.952587842489	0.925484556803	0.929661962964	0.993820566567	0.965511960943	0.735748589907	0.760163385678	0.693949643683	0.848060024439	0.908765506428	0.952228255974	0.954514528244	0.938631221598	0.963032482385	0.141087402319	0.142696290866	0.160481532428	0.134800392938	0.136262019154	0.144393374354	0.155857435719	0.760593001309	0.151893610622	0.13985701035	0.140739663627	0.148388029877	0.362017029265	0.415327562896	0.457114152464	0.365685983709	0.354723928588	0.346040350665	0.370316354361	0.390736980111	0.327310683674	0.295503607151	0.37070606815	0.360644861569	0.331845302968	0.425809175917	0.552290342883	0.288311771907	0.362877471377	0.339076139926	0.326914504956	0.371630560997	0.290689086976	0.336661919034	0.351040041642	0.350398078235
/home/chris/Bureau/sb_cofactor_hr/A549/input/ENCODE/A549/GRCh38/chip-seq/narrow/JUN_1h_consensus_peaks.bed	11767	9211019	0.807942212231	0.801328108922	0.842810808749	0.986980398417	0.977050469197	0.96881494963	0.89707460471	0.950968112112	0.742701537702	0.726425750613	0.761348348778	0.802141394478	0.744777261969	0.825274008538	0.938015804796	1.0	0.834112185359	0.835512544704	0.769437366244	0.914448822413	0.812114419755	0.803326312157	0.899625456225	0.893733172581	0.948801860261	0.863862131094	0.702423608016	0.718894298543	0.610246491646	0.805731180968	0.882099850995	0.913105877832	0.901503194016	0.8536488047	0.886055491237	0.101202314699	0.102120210006	0.144004891386	0.074705084554	0.0918482206865	0.0929551096195	0.0969624784744	0.952091026169	0.0685606428556	0.110491295146	0.0963285551844	0.112020099743	0.419468943704	0.540140975631	0.582951035299	0.456396110929	0.397045964308	0.402163621536	0.419736671671	0.474284695086	0.300425805668	0.276192575208	0.368458371513	0.388982980505	0.400821802888	0.536186454933	0.662655166491	0.299405666515	0.48551828883	0.406043238664	0.352872063182	0.502609603977	0.275946109297	0.411617962932	0.39969953255	0.401216378506
/home/chris/Bureau/sb_cofactor_hr/A549/input/ENCODE/A549/GRCh38/chip-seq/narrow/JUN_2h_consensus_peaks.bed	16129	12359589	0.771038588916	0.802408318516	0.847665953846	0.97955913223	0.971436139083	0.948108090269	0.888756231461	0.954839682883	0.744107565858	0.729153806467	0.763486826592	0.803937952356	0.834968242958	0.769773256024	0.945964669485	0.834112185359	1.0	0.857018482534	0.853858577057	0.893840202583	0.88899351315	0.78172297372	0.892803526419	0.892053587658	0.961246216805	0.871124719225	0.679935618666	0.707623535794	0.589257636636	0.79876638698	0.883947464802	0.925138564986	0.912087234769	0.85852228591	0.893499891846	0.124746781447	0.125022531982	0.170977034228	0.0942177874198	0.112948055453	0.11366758798	0.117123600296	0.930124840476	0.0895554236544	0.133621855401	0.119824887659	0.134230956864	0.399377005872	0.516745133929	0.552059409542	0.411248356627	0.369473740392	0.36928666	0.389130280398	0.440711876336	0.273756322461	0.251885698426	0.347537231136	0.361616953569	0.372433558065	0.508805374982	0.644831639842	0.3091410494	0.45432664822	0.373049157503	0.329315807662	0.458885200958	0.257779204046	0.381606510294	0.376026364569	0.367688723711
/home/chris/Bureau/sb_cofactor_hr/A549/input/ENCODE/A549/GRCh38/chip-seq/narrow/JUN_30m_consensus_peaks.bed	7512	6516627	0.749641888651	0.697847618244	0.730709455158	0.954422161238	0.904956632456	0.922273998542	0.796688824732	0.864121291937	0.613111900205	0.603935948007	0.653572265557	0.69420859845	0.630379245765	0.865660164072	0.957409799933	0.835512544704	0.857018482534	1.0	0.812230968014	0.92924229635	0.745821833261	0.842400818957	0.924496079208	0.917169593649	0.869032196688	0.745545023437	0.554850395492	0.575661819751	0.480549471447	0.663418893972	0.763217502629	0.801935687376	0.776785140207	0.724919596075	0.770569313379	0.0930431295218	0.093259683499	0.133685077613	0.0686408140486	0.0848971623488	0.0856665030611	0.0893916301654	0.964804190275	0.0640197878865	0.102252912	0.0881274239874	0.104284331791	0.454185737839	0.57564151252	0.616471813834	0.487425884889	0.434349898924	0.455451318052	0.458093273654	0.513667187829	0.333775668997	0.310624420134	0.40765950514	0.425804275895	0.437558524476	0.572030112664	0.689295549613	0.303288250295	0.520131603947	0.451739194469	0.387817864985	0.536992329409	0.306102050561	0.444187090186	0.436920133357	0.440724514284
/home/chris/Bureau/sb_cofactor_hr/A549/input/ENCODE/A549/GRCh38/chip-seq/narrow/JUN_3h_consensus_peaks.bed	12657	9017838	0.783089195954	0.835211281253	0.884562097841	0.988378601509	0.984168386252	0.949308197113	0.92692053593	0.980846727254	0.780082148364	0.761072509207	0.79479630561	0.841339598606	0.743793420609	0.862779771645	0.961640338956	0.769437366244	0.853858577057	0.812230968014	1.0	0.949716388674	0.85352156044	0.848420169064	0.936997730653	0.931618597797	0.977986637778	0.91126118221	0.672079042638	0.706370662674	0.576355785628	0.836178757332	0.921083724054	0.95788220847	0.953909448827	0.900619479256	0.932791113584	0.112618053216	0.113331911376	0.156066575565	0.0845788463132	0.102555246539	0.102606919989	0.107141895541	0.952342931325	0.077944185326	0.121583796623	0.106599355847	0.122997455383	0.430922570328	0.56852492901	0.607844119591	0.454524954741	0.408009750917	0.410118027399	0.448942919867	0.498023451892	0.319611282963	0.29597577864	0.387917506851	0.410694800887	0.407837546369	0.55607231684	0.687659272471	0.306561771811	0.495885345389	0.41076205159	0.37447615209	0.520311985844	0.291604536434	0.434578447409	0.414812035664	0.420268515707
/home/chris/Bureau/sb_cofactor_hr/A549/input/ENCODE/A549/GRCh38/chip-seq/narrow/JUN_4h_consensus_peaks.bed	20758	16602789	0.906301389591	0.94913143096	0.976641944294	0.997630279083	0.996014015601	0.985577260212	0.978507094094	0.997537804027	0.934953801904	0.923238958691	0.93421723427	0.95740068797	0.909075750105	0.869052940528	0.918179081041	0.914448822413	0.893840202583	0.92924229635	0.949716388674	1.0	0.972853315195	0.910081831644	0.836553862876	0.838942131034	0.992895554493	0.97031922131	0.794461738373	0.820806678815	0.727241006739	0.913818463589	0.965376003572	0.984088583252	0.98655301302	0.964748959503	0.978917979384	0.118533342798	0.119878544976	0.161524480649	0.0995603443012	0.108057988753	0.107994240716	0.116635613067	0.891605475696	0.1117905311	0.127154653492	0.113175485435	0.127278607589	0.377638336523	0.489712739983	0.534227336547	0.375551314272	0.332597765733	0.337053427035	0.35536148572	0.41684292384	0.287846838326	0.260829652182	0.318155597111	0.336047755073	0.359026685026	0.491108195563	0.629456710224	0.282354708016	0.417595065617	0.343897668844	0.299021658689	0.443242024507	0.249999430521	0.358944731106	0.351158447366	0.347103176318
/home/chris/Bureau/sb_cofactor_hr/A549/input/ENCODE/A549/GRCh38/chip-seq/narrow/JUN_5h_consensus_peaks.bed	10764	7394895	0.753789664023	0.812153043305	0.876265272667	0.969990263914	0.959591950277	0.908077894774	0.882612474506	0.967206658067	0.723918783553	0.711141945872	0.754034618152	0.812094906669	0.69039762775	0.91935228089	0.983570129376	0.812114419755	0.88899351315	0.745821833261	0.85352156044	0.972853315195	1.0	0.908103071861	0.968238183549	0.96514006452	0.969848188596	0.891431596958	0.593847063352	0.623781713337	0.50361035147	0.760325484634	0.87005285234	0.93247082752	0.927189822845	0.865920564196	0.904406544801	0.105543231788	0.107108314631	0.14999217834	0.0789772833955	0.0953867805477	0.0971583646801	0.102459472998	0.965630715017	0.071036490289	0.115468559277	0.100462967349	0.116977117061	0.452994706663	0.602975410021	0.642355150018	0.4781761342	0.434398664548	0.430881509135	0.468956547554	0.527750148969	0.353198666047	0.323580318521	0.41374658312	0.442570805481	0.430102300717	0.587134826458	0.717676306152	0.316383780732	0.518241805041	0.43388141259	0.393287699282	0.548550639388	0.321584202513	0.468592481468	0.444062244832	0.450800303468
/home/chris/Bureau/sb_cofactor_hr/A549/input/ENCODE/A549/GRCh38/chip-seq/narrow/JUN_6h_consensus_peaks.bed	17004	11867322	0.857597255493	0.906751232908	0.950325844705	0.985543082314	0.973709214858	0.948027878246	0.927446227762	0.980677919456	0.851020764644	0.842986748947	0.872438558999	0.911331785171	0.830693227781	0.806111470889	0.952587842489	0.803326312157	0.78172297372	0.842400818957	0.848420169064	0.910081831644	0.908103071861	1.0	0.904800991442	0.908419829484	0.98167422446	0.925592745768	0.678364150732	0.704653812149	0.612334781873	0.815705085879	0.891512618036	0.941329765842	0.941188927223	0.905984297764	0.933393682108	0.116224192369	0.116448993539	0.158080424837	0.0890237149456	0.106339694475	0.106921009212	0.109976286601	0.930961227393	0.0805827310008	0.125415820032	0.110578215537	0.12569156368	0.421284204765	0.546972140339	0.593365766492	0.417842606083	0.375286446641	0.374653046125	0.401085209645	0.462908671592	0.287056766671	0.275358707275	0.359886156598	0.386194544443	0.399359014156	0.540893477865	0.680882338931	0.295402110367	0.461337306029	0.383961906044	0.335526887132	0.485833592741	0.265579175488	0.414402727578	0.392796676617	0.395201171643
/home/chris/Bureau/sb_cofactor_hr/A549/input/ENCODE/A549/GRCh38/chip-seq/narrow/JUN_7h_consensus_peaks.bed	20163	17736833	0.892158633574	0.946157128754	0.969371719539	0.982189081683	0.970760367546	0.953325419338	0.937443264174	0.979777616793	0.871249082256	0.870159222743	0.917923161997	0.945653317489	0.93386592154	0.906819421562	0.925484556803	0.899625456225	0.892803526419	0.924496079208	0.936997730653	0.836553862876	0.968238183549	0.904800991442	1.0	0.83622415186	0.990887740037	0.945799195814	0.698280419415	0.727594156293	0.643959729418	0.826609192499	0.899397179193	0.947661813192	0.945931214924	0.926765300362	0.955341961598	0.118821796902	0.119940085443	0.159946066659	0.106090446646	0.108428361106	0.114247361194	0.123027529145	0.869995165811	0.118439350553	0.127187331008	0.113448295494	0.127007708827	0.366327579396	0.474983526225	0.517329553327	0.358048513515	0.316102503306	0.323996228147	0.340248349458	0.392541659686	0.293070072035	0.264841337204	0.32705270038	0.324342161642	0.345834435582	0.478193676573	0.608762235535	0.275594476942	0.394553695764	0.329153165096	0.286106226679	0.413245344304	0.255719749174	0.342053997651	0.346249780037	0.336045851217
/home/chris/Bureau/sb_cofactor_hr/A549/input/ENCODE/A549/GRCh38/chip-seq/narrow/JUN_8h_consensus_peaks.bed	20096	17412579	0.889770516627	0.943675469755	0.973166231384	0.984551989846	0.969032792015	0.950359495383	0.93705822565	0.980971825485	0.875189746219	0.8759456756	0.915152069688	0.949555206711	0.928507754307	0.898029871215	0.929661962964	0.893733172581	0.892053587658	0.917169593649	0.931618597797	0.838942131034	0.96514006452	0.908419829484	0.83622415186	1.0	0.987879565442	0.942190549965	0.691880222992	0.721137612535	0.638540729918	0.823063165812	0.894981270412	0.944257825985	0.944589236895	0.919536388855	0.948129971178	0.122620479776	0.124824674256	0.165374068159	0.108028822531	0.112044632709	0.115550347298	0.125333291537	0.875808061718	0.120822088045	0.131216718708	0.117105553402	0.131352871797	0.373767268879	0.485213281752	0.528535023054	0.364640482328	0.322347051441	0.330032347866	0.34743840812	0.401079710038	0.294652940701	0.266126045233	0.325336400662	0.335279147464	0.353619743322	0.487516899541	0.62229392697	0.281143164354	0.402181651138	0.334814015342	0.292930386801	0.422690705591	0.256657034734	0.348829891733	0.349199518074	0.346408098425
/home/chris/Bureau/sb_cofactor_hr/A549/input/ENCODE/A549/GRCh38/chip-seq/narrow/NR3C1_10h_consensus_peaks.bed	863	403328	0.369276464516	0.935039230864	0.908281149368	0.586237742793	0.779154324228	0.755214078386	0.911191967583	0.822856192402	0.97284031472	0.974321837229	0.968004450486	0.950584141837	0.401819824419	0.984009153804	0.993820566567	0.948801860261	0.961246216805	0.869032196688	0.977986637778	0.992895554493	0.969848188596	0.98167422446	0.990887740037	0.987879565442	1.0	0.984294709478	0.984104292724	0.993893608672	0.988042316475	0.985885684887	0.950984413044	0.897151239267	0.956015532703	0.986194528003	0.973461696213	0.0371620125943	0.0357033336927	0.0598207371501	0.0313152300198	0.0347718234202	0.0394811718782	0.0450564715264	0.946539674094	0.0136499481817	0.0546576717109	0.0321157580648	0.0533294920203	0.501294603823	0.890933776653	0.923838369949	0.779201856237	0.802517225713	0.721314988499	0.821362102422	0.883106853183	0.75577929849	0.75940618505	0.740667527884	0.832343213082	0.503029572837	0.899678951466	0.951007578235	0.265423547125	0.880065968992	0.735473662719	0.7824884643	0.925697602745	0.722902327825	0.877913408134	0.777884888075	0.863283513144
/home/chris/Bureau/sb_cofactor_hr/A549/input/ENCODE/A549/GRCh38/chip-seq/narrow/NR3C1_12h_consensus_peaks.bed	3371	1570565	0.467771952059	0.838128682611	0.781231501046	0.886883332954	0.854076747109	0.747074928185	0.738692284064	0.854640365746	0.930213325604	0.931177704675	0.891426510764	0.859896232063	0.379496663241	0.915276063611	0.965511960943	0.863862131094	0.871124719225	0.745545023437	0.91126118221	0.97031922131	0.891431596958	0.925592745768	0.945799195814	0.942190549965	0.984294709478	1.0	0.919038625903	0.924487612453	0.94936651144	0.883274653213	0.808972260432	0.90794489483	0.878847407912	0.853631102086	0.860040286881	0.0304336459191	0.0328031910628	0.0526461376871	0.0234122494864	0.0290687161073	0.0309711420063	0.0363883336691	0.912604888915	0.0122958956086	0.0426508790477	0.0313797817954	0.0426343387914	0.50427681855	0.793190024243	0.861613107435	0.663859573961	0.684834179475	0.603298690033	0.696189663796	0.786608987054	0.607361689997	0.606927973442	0.598809237478	0.706601906195	0.520646548565	0.813063256636	0.899327943097	0.234625990918	0.782873020504	0.627786382403	0.633186874076	0.846167556955	0.551533523178	0.768310915466	0.646764372627	0.746781936276
/home/chris/Bureau/sb_cofactor_hr/A549/input/ENCODE/A549/GRCh38/chip-seq/narrow/NR3C1_1h_consensus_peaks.bed	8116	3702572	0.660567290775	0.75590159629	0.8183503885	0.98672913278	0.979980792751	0.957869026542	0.8854057983	0.961638900555	0.714832438247	0.680922290323	0.698184183397	0.751915288247	0.265934440745	0.636146682146	0.735748589907	0.702423608016	0.679935618666	0.554850395492	0.672079042638	0.794461738373	0.593847063352	0.678364150732	0.698280419415	0.691880222992	0.984104292724	0.919038625903	1.0	0.847210689626	0.92179634659	0.91550909714	0.960326541451	0.981354576601	0.9632735994	0.91824673752	0.944161603953	0.0274150507875	0.0276849083021	0.0445928388677	0.022058377409	0.0275936887152	0.0268536881866	0.0302102422871	0.842020195228	0.0125582793109	0.0345024951744	0.0276935192344	0.0355577805396	0.394075347337	0.549760876173	0.622441276505	0.499990441055	0.496171822066	0.442744657212	0.474415346264	0.561530518244	0.374143217552	0.38112667915	0.38154673693	0.463882802062	0.408381658115	0.568810871927	0.678746943755	0.187433004206	0.602852550911	0.475410378144	0.422007296001	0.621969663108	0.338891911179	0.526035173049	0.42546283582	0.502635565991
